3, 17, []
15, 12, []
1, 22, []
7, 22, []
9, 12, []
5, 6, []
6, 13, []
9, 7, []
6, 10, []
14, 5, []
2, 21, []
18, 10, []
6, 27, []
19, 29, []
1, 13, []
4, 17, []
7, 6, ['25 1000']
8, 23, []
3, 14, []
14, 7, []
3, 13, []
16, 10, []
18, 25, []
6, 26, []
6, 5, []
10, 15, []
7, 14, []
8, 27, []
2, 18, []
14, 28, []
17, 27, []
1, 27, []
7, 2, []
18, 28, []
13, 23, []
14, 17, []
19, 7, []
19, 2, []
3, 22, []
19, 21, []
15, 25, []
13, 17, []
17, 27, []
1, 0, ['12 5000']
11, 28, []
6, 9, []
6, 24, []
3, 4, []
3, 21, []
9, 29, []
